4539
1856
5769
3438
12105
8132
2803
11163
13087
13057
5441
5909
1020
6778
943
10037
6603
3249
7499
1504
3981
13875
4346
9609
13693
3312
1286
9439
2402
9821
8001
5006
4088
10975
5761
7840
8818
1837
11088
5478
3899
7608
5194
8163
41
10794
6804
2937
10600
12142
8781
6183
13636
5066
11660
13563
624
1195
4094
7391
10573
4042
10133
13170
3049
9625
2424
6
12659
12259
407
10831
11639
11307
12356
2276
10489
12203
2239
7207
5465
7882
8213
1049
1514
4766
8466
5604
11424
13967
7773
9611
13132
13393
13940
5725
2224
7689
12251
7641
11755
825
8822
5648
11795
9655
5009
7343
13078
811
93
12267
10816
17
3303
11864
11363
1708
9251
3545
13708
12362
6414
3815
4067
13140
12053
2243
5857
4850
3991
8093
2774
5240
10294
2497
3974
11977
1645
12943
5545
8220
3633
10632
1909
13792
6897
6849
9444
10525
12284
3458
1392
11853
1573
4468
12825
5632
13929
7235
6114
12656
5062
8510
2089
6008
12692
7835
2181
51
2808
8022
11183
8525
1261
1687
5949
286
13038
3293
9215
6170
8847
6127
13827
5018
9875
4640
11900
321
9408
6827
13602
2833
13831
1349
12330
8130
4647
12823
164
6793
957
8716
3695
3970
12135
6771
2797
13468
11243
4723
12436
9219
3576
11949
11145
5848
4321
2159
3594
3446
6440
1970
11032
8384
6850
8772
8206
8747
8827
7237
13647
6526
12538
8165
13562
2765
1749
2862
4456
13841
4162
10491
7634
9054
4968
2054
11991
12255
9729
10469
7491
11074
1079
5532
7699
10724
5991
4078
3804
990
10979
6120
9301
9689
3783
8912
6775
5881
11812
1969
13349
13212
6089
2002
7663
4870
6013
8192
4925
583
9397
9107
4602
11214
4769
7039
6932
11135
13475
8837
12067
495
7348
1178
5368
260
9385
2574
2664
3808
4807
11266
6491
12512
9498
9997
11616
6268
12336
8498
2088
512
8161
5657
1505
12174
12143
11683
92
2910
9586
7134
5350
10459
5673
3821
3817
8352
11841
4516
3330
9871
9302
8735
4681
3477
4157
8641
8904
605
13863
13424
9861
556
5965
9656
4069
13906
13022
7852
11688
6881
12055
13415
264
6144
11421
12462
8970
4315
9986
5730
3472
9202
8448
8369
12029
10915
8702
9430
12905
43
11778
918
2411
12652
10240
6498
5975
2881
5268
5437
5248
1344
6393
1388
9858
11105
9897
3944
3391
11478
8686
6819
898
4026
6499
13745
3897
4543
4326
9750
386
8024
1150
9048
12298
7683
9206
814
3728
11891
6388
2157
10040
11929
733
12566
12836
6278
4560
11022
7451
12523
12985
13678
9156
9339
4341
3131
10443
3562
13682
11160
6084
10992
8996
13234
6470
2065
8320
12808
13202
5284
1037
7202
2939
1566
4872
10940
4626
12778
8372
8591
2602
13644
12311
4075
13716
1524
12266
2398
1185
12068
3278
2616
8858
10074
8105
6038
9195
257
2966
10360
11024
2942
6613
13145
9448
11097
10747
11050
4096
11600
12350
13580
1336
8394
40
13763
11954
5927
11380
1942
5398
13710
10997
11658
4947
7612
8112
6176
7638
7733
11892
7940
3218
10361
3426
4000
1337
2984
2493
10605
13359
2112
13867
13469
1282
4144
1579
375
4065
13285
12855
13230
13888
11323
8581
7498
1720
11134
13396
1881
8578
10576
12809
13509
3146
6895
7098
9921
6768
125
8511
3679
7846
4924
678
1212
4411
10455
4282
4980
12177
5539
1549
12703
11923
902
12873
6064
8189
10797
7742
203
3291
8439
9015
10580
951
1077
7969
8752
5587
8644
7084
480
4966
11645
4476
2961
7169
11054
233
3229
12506
12400
4786
319
6178
11401
11591
3040
2686
12090
8570
6828
8333
8168
385
2001
6931
2742
1820
4337
2327
302
11973
2831
13997
7523
2031
7454
6159
12415
2077
3639
12874
1119
4619
5447
10734
8460
9440
6032
3108
8730
9733
6450
12421
13586
6552
7033
5586
9197
6223
8020
2576
4836
13051
3360
6056
1360
7732
5476
1001
12631
13605
6135
784
2887
8672
292
13628
11607
1300
2738
932
3879
8357
6213
10706
13418
12891
5523
11550
1996
327
11225
11980
4363
839
8936
5671
5463
2648
6338
5635
8249
6841
3869
1733
5707
10324
3341
1724
9580
13343
6357
456
13526
10266
12170
789
6382
1920
3883
2177
7510
9247
6698
13207
11943
200
7031
6782
7696
6906
225
3528
4581
11875
13376
3367
12476
13374
9347
11930
10710
3842
13826
11423
12875
985
1372
8553
6019
7694
13800
10681
10739
8211
4438
8191
2280
9029
12841
3280
6460
1066
10679
4081
9851
3769
2944
4130
7906
1937
8562
13833
9377
8549
10891
12265
6773
13947
11457
11409
6662
1989
12504
9113
4707
11068
641
2114
13120
12573
7973
8057
5357
9967
9917
12250
3621
422
13356
13186
10069
10505
1661
5166
9373
6743
9007
12608
2727
5658
9740
8771
11761
3713
5568
3705
5361
2468
8129
8399
8612
3643
8816
5826
4289
5153
13099
5876
3569
3579
3998
2147
7865
2694
12474
1905
1096
7571
9969
11530
627
3148
3993
9228
4306
100
2102
10565
19
2787
3892
12070
947
7722
10401
1222
5456
4459
6660
5149
7406
10748
1
8799
671
2853
560
7122
12115
1277
7412
7223
8259
11041
1355
7950
2502
3942
5245
3273
11437
8944
5661
4795
6576
3935
3283
3703
3157
9433
7818
2336
8255
5642
8900
930
3983
7565
6277
2298
4432
6196
2553
6221
13172
4499
1865
9939
1485
2191
501
1700
1217
7518
11190
4251
2948
2907
13861
2776
10900
4837
13609
10386
3653
5217
13407
5669
6676
3232
736
8006
12944
6352
1436
12497
10770
12898
10927
8247
12499
1047
12779
12457
13658
690
13076
13381
3648
3949
7057
10161
3354
6339
518
13282
11963
9697
2215
887
6146
1828
8540
2589
7927
10171
149
5477
6036
3442
12558
5492
2804
3402
4366
585
2369
1692
6669
1974
4036
7358
12956
5766
4894
4510
10889
5090
12417
2879
13996
11215
4472
12530
9807
6682
7984
2998
4548
8081
13409
6758
13391
6716
8978
7962
9578
12757
7427
12240
1680
4383
2431
7455
8270
8934
1288
3101
3676
960
7165
13442
12374
2995
5353
6446
11119
6899
5880
10703
12013
2249
4768
8264
13612
5695
6510
57
8868
300
4105
8808
1354
8296
13255
6883
11758
5588
10663
7971
4442
10119
11062
10888
1797
13643
4173
4085
12118
9340
6075
5630
11975
9654
10144
8943
2274
807
3590
2597
2781
5127
3532
7162
5931
13395
1972
2461
9797
13726
1408
2592
10623
7948
5653
1057
11372
11807
3139
1419
13491
8683
2183
5580
2818
647
3876
10231
9598
12347
639
11236
4833
6544
1569
8316
62
9214
1459
658
13688
9043
11092
9326
3937
9678
3400
9234
1374
3428
12671
161
6631
1028
4111
2260
7063
7876
11627
12391
1684
4561
1494
8
471
9471
2584
532
4154
3919
10008
11433
3924
8597
6516
9864
7828
12344
7870
6400
2885
13429
355
8774
3748
12409
6601
9233
4449
3217
7502
6363
2764
8554
6230
10412
2936
3818
8695
6289
2601
13240
4163
1398
9146
1323
9819
865
384
2794
11889
13854
6636
10589
1719
10903
7917
7073
83
6938
13910
11543
9703
2226
3481
5237
2271
9638
2234
11850
5225
7563
7257
1397
5981
6380
12503
237
12018
4793
10561
13247
8386
4089
10312
5582
6179
9613
13161
1302
4697
7624
8829
3933
13809
10694
13983
9667
8717
9695
13779
2235
10599
1731
12332
12725
4514
8115
2307
10396
8311
7679
8042
5274
7342
8628
9284
323
7118
280
6919
4874
4607
7056
4727
7936
5799
4838
3203
2140
4557
1574
118
3231
5329
5593
9096
1451
3646
8625
6615
1696
9645
2067
10862
5756
12341
6047
9313
10377
11021
9095
10666
4926
4037
13747
5598
6833
4196
10649
9567
116
8917
11964
3961
3179
10959
4482
9663
1015
3731
6462
10667
9193
714
6760
8915
228
3215
288
1290
5835
10130
10487
6870
9372
9278
6979
7509
9477
11816
2426
6844
3515
13775
12835
12247
13922
12567
10013
10963
7091
8596
4165
1244
4804
13466
8580
2603
13486
11771
11159
2733
7942
5602
7830
2865
13345
13541
9399
1367
3631
8056
1862
9657
13946
12411
9635
10968
11427
2583
8742
12781
91
1798
10961
12505
9674
7025
12292
11767
864
7306
11453
10738
8845
11915
2311
8351
10833
6124
356
2974
11885
7681
10504
10120
6746
5442
12310
11519
7719
1164
5165
13431
11288
5957
9344
944
10108
7274
1189
13749
11838
10994
13137
10913
935
1025
816
11746
2970
6550
6280
8254
10584
942
2813
12302
