485
3762
2741
645
1492
382
3376
3912
3780
1602
1747
894
4001
481
1323
1923
821
2601
743
1701
2488
3424
118
3053
476
1338
3201
3970
2224
1431
1796
2492
243
1125
4222
2114
2312
2500
4184
2046
4190
2933
4092
2614
2983
2576
2143
1824
3777
3060
1299
712
2662
3523
818
930
1001
2212
2226
4276
3964
3767
4159
4238
3463
3614
3670
1634
534
494
803
1615
328
2833
2896
2807
4075
2394
945
4091
2546
3900
3231
3691
3445
421
3386
3753
3714
2623
2464
4341
165
3195
4099
4297
4137
2752
2971
3212
1799
2708
2354
3355
662
2772
3139
3131
1291
1702
1161
1486
15
1504
3729
1468
1167
2228
3602
333
2904
840
3314
2318
1725
2072
490
1172
2622
311
2109
4336
2493
1594
1265
1384
2296
3652
4274
950
2177
738
2324
1142
2962
3410
3801
3514
2633
1854
1823
275
489
1072
551
2093
2189
2460
3657
1065
2724
660
1622
4101
443
4024
714
3556
2535
2995
4388
3960
3358
1783
1664
130
4266
444
3382
1563
935
1071
4322
2349
1093
3367
753
900
446
2168
461
4362
4135
1048
3038
2205
1063
1761
3423
3963
213
536
4224
295
4194
3815
4366
1329
4029
865
3609
3097
4003
601
665
208
1122
465
888
3510
222
917
2169
3260
3997
3037
2687
1189
4191
2843
940
1253
1099
1202
1903
1992
3378
1599
3117
3305
3326
1627
3140
2680
1930
1234
2042
3600
374
305
3575
2615
4398
2596
1649
517
2154
2903
778
4371
1715
549
226
299
1438
2956
2695
4174
516
3168
297
3331
3812
2118
2926
1513
3116
384
2525
2670
3493
826
1396
1779
886
2608
4122
3349
2231
3873
2360
404
4064
3796
2300
4201
1180
4385
2364
1271
2242
1946
519
2763
1339
1857
3211
3706
179
493
3169
3703
893
3540
3153
3736
2080
4079
4227
1758
61
522
1691
1870
1803
3238
2295
1368
1205
1837
1686
3302
3021
1086
3581
1846
1764
2986
2399
3889
99
1213
3509
2578
3648
2419
1497
1471
1767
2989
359
875
36
468
4006
2606
3546
2571
132
1146
1972
1994
3319
3057
1539
3693
4328
2039
474
2436
1340
3837
1474
395
306
1914
3119
870
1750
882
2938
2485
1720
2497
1332
2528
2321
3851
2081
3783
1275
27
2059
2700
1073
2248
2279
5
3567
2613
3430
2141
2333
1995
4254
46
4044
2444
3974
2298
3867
1934
2782
3880
2247
3668
250
695
2998
3798
2907
1034
3427
1843
758
220
1828
4256
3023
2185
3129
452
309
1045
2028
1195
1827
2428
3
240
